2.015512055176051831e+01 2.397441593669251247e+00 3.211843928997444864e-01 2.157214654006680377e+01 6.987066145463226796e+00 4.889142784631848593e-01 2.222741022708947867e+01 3.951954103442722044e+01 2.318319619846669899e-01 2.147066169052273210e+01 4.890403517343664674e+01
1.998814628370455182e+01 2.288858665482363719e+00 2.537477449389586859e-01 2.153250837508441506e+01 7.336383625077915305e+00 5.494729334115521224e-01 2.204586038413475180e+01 3.900563810349304106e+01 2.746974519424545402e-01 2.181204715530221350e+01 7.801591560090901112e+01
2.007144680511533252e+01 2.349708480735236193e+00 2.945980442713901915e-01 2.156073709195511157e+01 6.998003698503494796e+00 4.903887758282839959e-01 2.221964274433394948e+01 3.937965490569595062e+01 2.327350559596281510e-01 2.147179624876834936e+01 5.056447917835294703e+01
1.999929086382213939e+01 2.318672693669899143e+00 2.739281157621132334e-01 2.159251877980323897e+01 6.968848336030267987e+00 4.624875140066569967e-01 2.212641946277670257e+01 4.073034920424969840e+01 2.596239193820567559e-01 2.165681480929346137e+01 3.975674337224704402e+01
2.018412079254325420e+01 2.381918776482317313e+00 3.138916487860354265e-01 2.152792885606706008e+01 7.331512426470469634e+00 5.721861812370553357e-01 2.205575564445839376e+01 3.902346721705276167e+01 2.701525190003249421e-01 2.178182185084073197e+01 7.425403698767713934e+01
2.004740183763994921e+01 2.328570031896503689e+00 2.824768944401031545e-01 2.153509232184794087e+01 7.178117101122605703e+00 5.274340260459075003e-01 2.213317545768555661e+01 3.900525986325303762e+01 2.521753587374665484e-01 2.161053514853125890e+01 6.136180883562389710e+01
2.008157072320856074e+01 2.358144071346279791e+00 2.993270191399285962e-01 2.156525725666313775e+01 6.964389602380414601e+00 4.828013215404945990e-01 2.222200786730205380e+01 3.958174272963979234e+01 2.316008228224550880e-01 2.146218438401247752e+01 4.817946520271058830e+01
2.008919668622206345e+01 2.327388094100514948e+00 2.794690980835793925e-01 2.162546621352024445e+01 6.962611804183054254e+00 4.813103278940903396e-01 2.228557279877036734e+01 3.953226246234343222e+01 2.314929256780583477e-01 2.152435735123320271e+01 4.866939954240489641e+01
1.995561557970143696e+01 2.286959352067324147e+00 2.524634829137060721e-01 2.154952194560999956e+01 7.224966607678045882e+00 5.191133954287471264e-01 2.212269503224734635e+01 3.896816922609155398e+01 2.577020410464422318e-01 2.166267131671806823e+01 6.445822893733596004e+01
2.000205312690932047e+01 2.321184660212816109e+00 2.748118487017357503e-01 2.157755680958166877e+01 6.928115341441257513e+00 4.642354290326776711e-01 2.218561840096520044e+01 4.019729505630148481e+01 2.405823210179187377e-01 2.151549069102683021e+01 4.305138254684766963e+01
1.995227733711938711e+01 2.276640428152676865e+00 2.439593824014290591e-01 2.153203370727680976e+01 7.368213399757875592e+00 5.474515789071431326e-01 2.202610620022109700e+01 3.902310019653194928e+01 2.791478673962269896e-01 2.184689008638222774e+01 8.320189274418046921e+01
2.004000332083603197e+01 2.317873893070419022e+00 2.749915490541222640e-01 2.150893204433126726e+01 7.312631204750241309e+00 5.574216261106146320e-01 2.203805200468552883e+01 3.900342880073058893e+01 2.711705630583536308e-01 2.176416392964248203e+01 7.471155585854384640e+01
2.049914996793216559e+01 2.298242874909711020e+00 2.607810730436365132e-01 2.200227200771728420e+01 7.378538562974112480e+00 5.637869099238459469e-01 2.249202142808215044e+01 3.904829127850445047e+01 2.811012747112146548e-01 2.234577615332880640e+01 8.671810636625286861e+01
2.006844965408490467e+01 2.324560147692633638e+00 2.792694528784868124e-01 2.151846070350592655e+01 7.307050508991000726e+00 5.601219370031417233e-01 2.205095511607596137e+01 3.900668166778707047e+01 2.705129930070572786e-01 2.177046885517444608e+01 7.409388363004762823e+01
2.009665905540695263e+01 2.342052524198490193e+00 2.895914262269508876e-01 2.158961691842797848e+01 7.003095452659602316e+00 4.944879234930691925e-01 2.224909044517006507e+01 3.933613579534017646e+01 2.335642006904274648e-01 2.151065004445223039e+01 5.122074182713892299e+01
2.003359969051613376e+01 2.355436666352719310e+00 2.971273535967164925e-01 2.153410906197255770e+01 6.928028687971983679e+00 4.715624725793003957e-01 2.213494579659739259e+01 4.029015210646508649e+01 2.430599071206837047e-01 2.148989354924432860e+01 4.247274357044489790e+01
2.008460109941331595e+01 2.321483661007079480e+00 2.783903139897555556e-01 2.154945977242266508e+01 7.372727988895793949e+00 5.632336932732878720e-01 2.204591374375001678e+01 3.903718589797930605e+01 2.787609545767971708e-01 2.187157748017830983e+01 8.341204017284283623e+01
1.994961961907677406e+01 2.298596559240458692e+00 2.576958165187310801e-01 2.157346537468520964e+01 6.933927824061665746e+00 4.618559647698816106e-01 2.221313468979668215e+01 3.986056024945137466e+01 2.331939958198437912e-01 2.146752746530376044e+01 4.548720156977559270e+01
2.009369357819104707e+01 2.341231827371627272e+00 2.904504790135507553e-01 2.153936072910094524e+01 7.210559863076592357e+00 5.400874777994707499e-01 2.212270059700997038e+01 3.899992797532237176e+01 2.566234546431047647e-01 2.165896231703726116e+01 6.379140102462966411e+01
1.997192344628068383e+01 2.313948645572381224e+00 2.705487326815936289e-01 2.158151983444964372e+01 6.953214014417662625e+00 4.602881959521706312e-01 2.222379720817933446e+01 3.975444209619448799e+01 2.316306384282890429e-01 2.146156955450459947e+01 4.634723647393548873e+01
2.006158109804188072e+01 2.334621118967369124e+00 2.860906976938885071e-01 2.155352837973515534e+01 7.110500700161972887e+00 5.135036777187934609e-01 2.218083718350296962e+01 3.907691061902708185e+01 2.437056690918145696e-01 2.155607407733830172e+01 5.703091106008771760e+01
2.008932263127598361e+01 2.357995805177932169e+00 2.992609561136060359e-01 2.156887535994410143e+01 6.971161041541574122e+00 4.854717626818395582e-01 2.222755246071664459e+01 3.952758499065432574e+01 2.316794346370853186e-01 2.146872487105414962e+01 4.877077171353624863e+01
2.005666788538387735e+01 2.353669450375002192e+00 2.967308396912460844e-01 2.158149983479221845e+01 6.939307882700037844e+00 4.655603821294910794e-01 2.219944252072419388e+01 4.007416831697265280e+01 2.372675637794113557e-01 2.149543758025965801e+01 4.389553254563286799e+01
2.007934570187663326e+01 2.346158136762850344e+00 2.939699707239132320e-01 2.153556471702279040e+01 7.180976023575287748e+00 5.292843182971195271e-01 2.213328151584985548e+01 3.901485796186877053e+01 2.519263308205119123e-01 2.160895124339425166e+01 6.113408561182529155e+01
1.999291191411503021e+01 2.300243649664469370e+00 2.622789545244860743e-01 2.154016740509184302e+01 7.202151853621892919e+00 5.255096314902960586e-01 2.212493542681562886e+01 3.898467583300125483e+01 2.556482677352409083e-01 2.164281376346632513e+01 6.324021787115927395e+01
2.001773805351708901e+01 2.302530792865719711e+00 2.646434872451640663e-01 2.153242208266331303e+01 7.330100540064552028e+00 5.512820547028379758e-01 2.205063341099847918e+01 3.900444924778284417e+01 2.733663975668351731e-01 2.180134520758716477e+01 7.665481859848846113e+01
2.005874557582082574e+01 2.355848185844858111e+00 2.978170181600839905e-01 2.155804261784070519e+01 6.944703732916387651e+00 4.752333989362138578e-01 2.220230183420976644e+01 3.979800940420565070e+01 2.330306442144154944e-01 2.145671564472153037e+01 4.613057942219252539e+01
1.994974447320975131e+01 2.292544347431716201e+00 2.543705252507709735e-01 2.156918956411827537e+01 7.020965405814630245e+00 4.797472492899791940e-01 2.222348705547613790e+01 3.926678477961895908e+01 2.335449744696271590e-01 2.148104664385586560e+01 5.192140969088813307e+01
2.005315782999182161e+01 2.314452495743413607e+00 2.734456706207114562e-01 2.152163560606800630e+01 7.425024547964696353e+00 5.715279858753467002e-01 2.198595931163835715e+01 3.909350274997061803e+01 2.868484520615015021e-01 2.190947162028219708e+01 9.800791168114739094e+01
2.005285713018459859e+01 2.341653483587794682e+00 2.889806677542904878e-01 2.157280203505602501e+01 6.949958163599955441e+00 4.767742171260141992e-01 2.222582890657126242e+01 3.967757772460088006e+01 2.317781757559417288e-01 2.146732060767060801e+01 4.719317816887470940e+01
